====================
cycle:1	96	ADD	R3, R1, R2

registers:
r00	0	0	0	0	0	0	0	0	
r08	0	0	0	0	0	0	0	0	
r16	0	0	0	0	0	0	0	0	
r24	0	0	0	0	0	0	0	0	

data:
168	-1	-2	-3	0	1	2	42	2147483647	
196	
====================
cycle:2	100	SUB	R3, R1, R2

registers:
r00	0	0	0	0	0	0	0	0	
r08	0	0	0	0	0	0	0	0	
r16	0	0	0	0	0	0	0	0	
r24	0	0	0	0	0	0	0	0	

data:
168	-1	-2	-3	0	1	2	42	2147483647	
196	
====================
cycle:3	104	AND	R3, R1, R2

registers:
r00	0	0	0	0	0	0	0	0	
r08	0	0	0	0	0	0	0	0	
r16	0	0	0	0	0	0	0	0	
r24	0	0	0	0	0	0	0	0	

data:
168	-1	-2	-3	0	1	2	42	2147483647	
196	
====================
cycle:4	108	ORR	R3, R1, R2

registers:
r00	0	0	0	0	0	0	0	0	
r08	0	0	0	0	0	0	0	0	
r16	0	0	0	0	0	0	0	0	
r24	0	0	0	0	0	0	0	0	

data:
168	-1	-2	-3	0	1	2	42	2147483647	
196	
====================
cycle:5	112	B	#10000

registers:
r00	0	0	0	0	0	0	0	0	
r08	0	0	0	0	0	0	0	0	
r16	0	0	0	0	0	0	0	0	
r24	0	0	0	0	0	0	0	0	

data:
168	-1	-2	-3	0	1	2	42	2147483647	
196	
